
                            < M A T L A B (R) >
                  Copyright 1984-2015 The MathWorks, Inc.
                   R2015a (8.5.0.197613) 64-bit (glnxa64)
                             February 12, 2015


                            < M A T L A B (R) >
                  Copyright 1984-2015 The MathWorks, Inc.
                   R2015a (8.5.0.197613) 64-bit (glnxa64)
                             February 12, 2015


                            < M A T L A B (R) >
                  Copyright 1984-2015 The MathWorks, Inc.
                   R2015a (8.5.0.197613) 64-bit (glnxa64)
                             February 12, 2015


                            < M A T L A B (R) >
                  Copyright 1984-2015 The MathWorks, Inc.
                   R2015a (8.5.0.197613) 64-bit (glnxa64)
                             February 12, 2015

 
 
 
 
To get started, type one of these: helpwin, helpdesk, or demo.
To get started, type one of these: helpwin, helpdesk, or demo.
For product information, visit www.mathworks.com.
For product information, visit www.mathworks.com.
 
 
To get started, type one of these: helpwin, helpdesk, or demo.
To get started, type one of these: helpwin, helpdesk, or demo.
For product information, visit www.mathworks.com.
For product information, visit www.mathworks.com.
 
 

	Academic License


	Academic License


	Academic License


	Academic License


Populating Cfg variable...
Populating Cfg variable...
Populating Cfg variable...
Populating Cfg variable... Done.
 Done.
 Done.
 Done.

Region models for seed region completed.

Region models for seed region completed.

Region models for seed region completed.

Region models for seed region completed.
1000 1000 1000 1000 2000 3000 4000 2000 2000 5000 2000 6000 3000 3000 7000 8000 9000 4000 4000 10000 3000 11000 12000 5000 13000 5000 4000 14000 6000 15000 16000 5000 17000 7000 6000 18000 6000 19000 8000 20000 7000 7000 21000 8000 22000 9000 9000 23000 8000 10000 24000 11000 9000 10000 25000 12000 26000 10000 13000 27000 11000 11000 14000 28000 12000 15000 29000 13000 30000 16000 12000 14000 31000 17000 15000 13000 32000 18000 33000 16000 19000 34000 17000 20000 14000 35000 18000 21000 36000 19000 22000 15000 37000 20000 23000 16000 38000 21000 24000 39000 22000 17000 25000 40000 23000 18000 26000 41000 24000 19000 27000 42000 25000 20000 43000 28000 26000 44000 21000 29000 27000 45000 22000 30000 28000 46000 23000 31000 29000 47000 24000 32000 30000 48000 25000 33000 49000 31000 26000 34000 50000 32000 27000 35000 51000 33000 28000 36000 52000 29000 34000 37000 53000 30000 35000 38000 54000 31000 36000 39000 55000 32000 37000 40000 56000 33000 38000 41000 57000 34000 39000 42000 58000 35000 40000 43000 59000 36000 41000 60000 44000 37000 42000 61000 45000 38000 43000 62000 46000 39000 44000 63000 47000 40000 64000 45000 48000 41000 65000 46000 49000 42000 66000 47000 43000 50000 67000 48000 44000 51000 68000 49000 45000 52000 69000 50000 46000 53000 70000 51000 47000 54000 71000 48000 52000 55000 72000 49000 53000 56000 73000 50000 54000 57000 74000 51000 55000 58000 75000 52000 56000 59000 76000 53000 57000 77000 60000 54000 58000 78000 61000 55000 79000 59000 62000 56000 80000 60000 63000 57000 81000 61000 64000 58000 82000 62000 65000 59000 83000 63000 66000 60000 84000 64000 67000 61000 85000 65000 68000 62000 86000 66000 69000 63000 87000 67000 70000 64000 88000 68000 71000 65000 89000 66000 72000 69000 90000 67000 73000 70000 91000 68000 74000 71000 92000 69000 75000 93000 72000 70000 94000 76000 73000 71000 95000 77000 74000 72000 96000 78000 75000 73000 97000 79000 76000 74000 98000 80000 77000 75000 81000 99000 78000 76000 100000 82000 79000 77000 83000 80000 101000 78000 84000 81000 102000 79000 85000 82000 80000 103000 86000 83000 81000 104000 87000 84000 82000 105000 88000 85000 83000 89000 86000 84000 106000 90000 87000 85000 107000 91000 86000 88000 92000 87000 89000 108000 88000 93000 90000 109000 89000 94000 91000 90000 95000 110000 92000 91000 96000 111000 93000 92000 97000 94000 93000 98000 112000 95000 94000 99000 96000 113000 95000 100000 97000 96000 101000 98000 114000 97000 102000 99000 98000 103000 115000 100000 99000 104000 101000 100000 116000 105000 102000 101000 106000 103000 102000 117000 107000 104000 103000 108000 105000 104000 109000 118000 106000 105000 110000 107000 106000 111000 108000 119000 107000 112000 109000 108000 113000 109000 110000 120000 114000 110000 111000 