
                            < M A T L A B (R) >
                  Copyright 1984-2015 The MathWorks, Inc.
                   R2015a (8.5.0.197613) 64-bit (glnxa64)
                             February 12, 2015


                            < M A T L A B (R) >
                  Copyright 1984-2015 The MathWorks, Inc.
                   R2015a (8.5.0.197613) 64-bit (glnxa64)
                             February 12, 2015


                            < M A T L A B (R) >
                  Copyright 1984-2015 The MathWorks, Inc.
                   R2015a (8.5.0.197613) 64-bit (glnxa64)
                             February 12, 2015


                            < M A T L A B (R) >
                  Copyright 1984-2015 The MathWorks, Inc.
                   R2015a (8.5.0.197613) 64-bit (glnxa64)
                             February 12, 2015

 
 
 
 
To get started, type one of these: helpwin, helpdesk, or demo.
For product information, visit www.mathworks.com.
 
To get started, type one of these: helpwin, helpdesk, or demo.
For product information, visit www.mathworks.com.
 
To get started, type one of these: helpwin, helpdesk, or demo.
To get started, type one of these: helpwin, helpdesk, or demo.
For product information, visit www.mathworks.com.
For product information, visit www.mathworks.com.
 
 

	Academic License


	Academic License


	Academic License


	Academic License


Populating Cfg variable...
Populating Cfg variable...
Populating Cfg variable...
Populating Cfg variable... Done.
 Done.
 Done.
 Done.

Region models for seed region completed.

Region models for seed region completed.

Region models for seed region completed.

Region models for seed region completed.
1000 1000 1000 1000 2000 2000 2000 2000 3000 3000 3000 3000 4000 4000 4000 5000 4000 5000 5000 6000 5000 6000 6000 7000 6000 7000 7000 8000 7000 9000 8000 8000 8000 9000 10000 9000 10000 9000 10000 11000 11000 11000 12000 10000 12000 13000 12000 13000 13000 14000 15000 14000 11000 14000 16000 15000 17000 16000 12000 15000 18000 17000 16000 13000 19000 18000 17000 20000 19000 14000 20000 21000 18000 21000 19000 22000 15000 20000 22000 23000 16000 21000 23000 24000 17000 24000 22000 25000 18000 25000 23000 26000 19000 26000 24000 27000 20000 27000 25000 28000 21000 28000 29000 26000 22000 29000 30000 27000 23000 30000 31000 28000 24000 31000 32000 29000 25000 32000 33000 30000 26000 33000 34000 31000 27000 34000 35000 32000 28000 35000 36000 33000 29000 36000 37000 34000 30000 37000 38000 35000 31000 38000 39000 36000 32000 39000 40000 37000 33000 40000 41000 38000 34000 41000 42000 39000 35000 42000 43000 36000 40000 43000 44000 37000 41000 44000 45000 38000 42000 45000 46000 39000 43000 46000 47000 40000 44000 47000 41000 48000 45000 48000 42000 49000 46000 49000 43000 50000 47000 50000 44000 51000 48000 51000 45000 52000 49000 52000 46000 53000 50000 53000 47000 54000 51000 54000 48000 55000 52000 55000 49000 56000 53000 56000 50000 57000 54000 57000 51000 58000 55000 58000 52000 59000 56000 59000 53000 60000 57000 60000 54000 61000 58000 61000 55000 62000 59000 62000 56000 63000 60000 63000 57000 64000 61000 64000 58000 65000 62000 65000 59000 66000 63000 66000 60000 67000 64000 67000 61000 68000 65000 68000 62000 69000 69000 66000 63000 70000 70000 67000 64000 71000 71000 68000 65000 72000 72000 69000 66000 73000 73000 70000 67000 74000 74000 71000 68000 75000 75000 72000 69000 76000 76000 73000 70000 77000 74000 77000 71000 78000 75000 78000 72000 79000 76000 79000 73000 80000 77000 80000 74000 81000 78000 81000 75000 82000 79000 82000 76000 83000 80000 77000 83000 84000 81000 78000 84000 85000 82000 79000 85000 86000 83000 80000 86000 87000 81000 84000 87000 88000 82000 85000 88000 89000 83000 86000 89000 90000 84000 87000 90000 91000 85000 88000 91000 92000 86000 89000 92000 93000 87000 90000 93000 94000 88000 91000 94000 95000 89000 92000 95000 96000 90000 93000 96000 97000 91000 94000 97000 98000 92000 95000 98000 99000 93000 96000 99000 100000 94000 97000 100000 101000 95000 101000 98000 102000 96000 102000 99000 103000 97000 103000 100000 104000 98000 104000 101000 105000 99000 105000 102000 106000 100000 106000 103000 107000 101000 107000 104000 108000 102000 108000 105000 109000 103000 109000 106000 110000 104000 110000 107000 111000 105000 